frames/f0001.jpg 2 496 173 73 49 436 203 77 74
frames/f0002.jpg 2 485 169 75 89 414 209 72 85
frames/f0003.jpg 3 404 220 86 90 484 168 75 73 358 184 72 63
frames/f0004.jpg 3 346 161 85 78 481 165 64 95 393 247 96 84
frames/f0005.jpg 3 468 180 79 87 400 257 102 63 347 166 62 59
frames/f0006.jpg 3 352 166 58 55 476 189 69 105 399 265 93 76
frames/f0007.jpg 2 464 203 78 91 418 291 79 92
frames/f0008.jpg 3 343 167 57 48 466 209 69 87 416 305 82 74
frames/f0009.jpg 2 466 222 61 82 386 324 91 52
frames/f0010.jpg 2 457 242 68 95 365 294 87 67
frames/f0011.jpg 2 353 244 70 71 448 258 67 94
frames/f0012.jpg 2 318 212 65 57 423 269 88 77
frames/f0013.jpg 2 314 210 65 60 388 256 92 69
frames/f0014.jpg 3 317 209 62 64 366 243 74 58 304 157 71 61
frames/f0015.jpg 1 293 155 85 49
frames/f0016.jpg 1 344 181 65 73
frames/f0017.jpg 1 289 128 84 60
frames/f0018.jpg 1 332 117 102 53
frames/f0019.jpg 1 351 119 106 90
frames/f0020.jpg 2 386 174 106 68 341 187 56 58
frames/f0021.jpg 3 261 166 81 67 340 195 57 49 396 188 109 56
frames/f0022.jpg 3 407 195 104 65 329 187 69 58 259 154 79 78
frames/f0023.jpg 3 247 152 91 79 342 191 54 58 425 203 109 54
frames/f0024.jpg 3 440 213 86 76 327 195 75 53 240 154 98 80
frames/f0025.jpg 1 446 217 81 102
frames/f0026.jpg 1 435 245 91 70
frames/f0027.jpg 0
frames/f0028.jpg 0
frames/f0029.jpg 2 412 168 93 103 253 142 83 79
frames/f0030.jpg 3 420 136 92 100 145 380 61 58 315 190 73 79
frames/f0031.jpg 4 374 118 91 60 176 275 66 60 311 205 95 55 265 100 78 85
frames/f0032.jpg 0
