frames/chick0001.jpg 0
frames/chick0002.jpg 0
frames/chick0003.jpg 0
frames/chick0004.jpg 0
frames/chick0005.jpg 0
frames/chick0006.jpg 1 455 411 102 81
frames/chick0007.jpg 1 457 414 102 77
frames/chick0008.jpg 1 452 401 105 102
frames/chick0009.jpg 1 453 405 97 120
frames/chick0010.jpg 1 446 395 99 111
frames/chick0011.jpg 1 445 407 104 111
frames/chick0012.jpg 1 454 413 96 104
frames/chick0013.jpg 1 452 407 88 118
frames/chick0014.jpg 1 446 410 102 108
frames/chick0015.jpg 0
frames/chick0016.jpg 0
frames/chick0017.jpg 0
frames/chick0018.jpg 0
frames/chick0019.jpg 0
frames/chick0020.jpg 0
frames/chick0021.jpg 1 467 415 83 98
frames/chick0022.jpg 1 471 416 86 117
frames/chick0023.jpg 0
frames/chick0024.jpg 0
frames/chick0025.jpg 1 469 423 91 102
frames/chick0026.jpg 1 468 426 101 96
frames/chick0027.jpg 1 466 425 98 106
frames/chick0028.jpg 0
frames/chick0029.jpg 0
frames/chick0030.jpg 0
frames/chick0031.jpg 0
frames/chick0032.jpg 0
frames/chick0033.jpg 1 480 439 100 110
frames/chick0034.jpg 0
frames/chick0035.jpg 0
frames/chick0036.jpg 1 486 445 80 103
frames/chick0037.jpg 0
frames/chick0038.jpg 0
frames/chick0039.jpg 1 467 461 86 94
frames/chick0040.jpg 1 468 453 92 107
frames/chick0041.jpg 1 461 455 99 106
frames/chick0042.jpg 1 468 471 101 111
frames/chick0043.jpg 1 468 465 89 116
frames/chick0044.jpg 1 465 472 87 103
frames/chick0045.jpg 1 466 488 91 120
frames/chick0046.jpg 1 464 489 92 117
frames/chick0047.jpg 1 468 496 82 119
frames/chick0048.jpg 1 473 505 86 109
frames/chick0049.jpg 1 469 512 73 105
frames/chick0050.jpg 1 477 500 79 109
frames/chick0051.jpg 1 469 507 85 100
frames/chick0052.jpg 1 469 503 89 104
frames/chick0053.jpg 1 477 509 84 98
frames/chick0054.jpg 0
frames/chick0055.jpg 0
frames/chick0056.jpg 2 537 276 86 72 474 510 81 111
frames/chick0057.jpg 1 538 273 85 85
frames/chick0058.jpg 1 536 274 82 78
frames/chick0059.jpg 1 531 271 81 75
frames/chick0060.jpg 1 532 277 82 80
frames/chick0061.jpg 1 527 273 90 85
frames/chick0062.jpg 1 516 274 83 83
frames/chick0063.jpg 2 517 272 85 96 450 590 117 101
frames/chick0064.jpg 2 508 279 92 81 465 598 105 84
frames/chick0065.jpg 2 527 282 65 73 473 595 104 86
frames/chick0066.jpg 2 458 594 106 86 519 279 76 78
frames/chick0067.jpg 1 508 288 77 72
frames/chick0068.jpg 2 415 574 101 76 513 285 77 81
frames/chick0069.jpg 2 509 281 74 79 400 570 107 73
frames/chick0070.jpg 2 523 277 65 77 390 559 113 67
frames/chick0071.jpg 2 522 277 79 88 413 535 74 88
frames/chick0072.jpg 2 531 274 57 93 404 531 70 81
frames/chick0073.jpg 2 408 528 69 83 531 284 52 94
frames/chick0074.jpg 2 399 519 68 78 524 288 61 95
frames/chick0075.jpg 2 519 295 69 88 383 515 88 79
frames/chick0076.jpg 2 514 301 73 81 355 508 97 77
frames/chick0077.jpg 1 514 303 75 80
frames/chick0078.jpg 2 351 480 80 83 511 301 79 79
frames/chick0079.jpg 2 500 307 92 78 351 460 74 90
frames/chick0080.jpg 2 501 303 89 78 341 455 64 79
frames/chick0081.jpg 2 508 308 81 73 316 445 83 68
frames/chick0082.jpg 2 506 311 85 76 322 442 70 69
frames/chick0083.jpg 2 458 327 105 76 329 432 72 72
frames/chick0084.jpg 2 448 321 101 92 331 423 64 70
frames/chick0085.jpg 2 456 333 78 82 346 405 56 72
frames/chick0086.jpg 2 421 344 92 72 335 393 76 67
frames/chick0087.jpg 2 399 336 98 88 336 391 77 62
frames/chick0088.jpg 2 390 334 87 76 319 374 76 74
frames/chick0089.jpg 2 403 322 54 84 304 356 70 64
frames/chick0090.jpg 2 417 316 89 73 304 339 64 80
frames/chick0091.jpg 2 435 313 86 70 307 327 73 71
frames/chick0092.jpg 2 444 306 86 73 299 317 73 71
frames/chick0093.jpg 2 447 296 86 83 307 302 71 80
frames/chick0094.jpg 2 446 296 80 84 312 299 84 77
frames/chick0095.jpg 2 446 311 88 79 338 294 88 67
frames/chick0096.jpg 2 447 312 89 73 356 283 89 81
frames/chick0097.jpg 2 451 313 86 75 371 286 84 73
frames/chick0098.jpg 2 446 296 67 84 376 293 68 78
frames/chick0099.jpg 2 436 295 82 82 369 295 64 82
frames/chick0100.jpg 2 439 300 90 75 362 304 68 90
frames/chick0101.jpg 2 365 327 76 95 450 301 80 74
frames/chick0102.jpg 2 441 317 63 73 365 345 78 82
frames/chick0103.jpg 0
frames/chick0104.jpg 0
frames/chick0105.jpg 0
frames/chick0106.jpg 0
frames/chick0107.jpg 0
frames/chick0108.jpg 1 424 401 75 76
frames/chick0109.jpg 1 419 394 77 91
frames/chick0110.jpg 1 427 396 68 102
frames/chick0111.jpg 1 433 400 62 103
frames/chick0112.jpg 1 435 393 77 100
frames/chick0113.jpg 1 433 398 82 97
frames/chick0114.jpg 1 446 406 63 87
frames/chick0115.jpg 0
frames/chick0116.jpg 1 442 406 85 100
frames/chick0117.jpg 0
frames/chick0118.jpg 0
frames/chick0119.jpg 0
frames/chick0120.jpg 2 463 495 91 87 457 406 98 90
frames/chick0121.jpg 3 515 412 99 102 478 504 71 65 429 456 89 65
frames/chick0122.jpg 3 532 419 74 90 485 508 69 64 426 450 97 70
frames/chick0123.jpg 3 532 422 92 85 425 453 97 66 483 503 73 68
frames/chick0124.jpg 1 516 438 93 73
frames/chick0125.jpg 0
frames/chick0126.jpg 0
frames/chick0127.jpg 1 410 448 96 84
frames/chick0128.jpg 3 507 447 90 77 415 453 84 77 546 526 67 109
frames/chick0129.jpg 3 410 439 84 95 504 445 87 73 550 522 58 107
frames/chick0130.jpg 3 413 445 88 78 505 437 93 86 540 528 75 96
frames/chick0131.jpg 3 495 438 103 77 411 452 92 71 522 538 86 78
frames/chick0132.jpg 3 500 444 101 69 416 456 87 71 504 527 84 84
frames/chick0133.jpg 3 506 453 98 65 416 459 80 67 490 519 71 69
frames/chick0134.jpg 3 500 453 93 61 414 453 84 69 504 506 57 67
frames/chick0135.jpg 3 481 424 86 72 411 457 80 67 503 502 57 71
frames/chick0136.jpg 3 504 497 61 83 431 456 82 64 466 414 77 66
frames/chick0137.jpg 3 440 403 92 64 443 452 83 60 510 494 41 62
frames/chick0138.jpg 1 473 499 88 67
frames/chick0139.jpg 1 465 489 100 76
frames/chick0140.jpg 3 479 473 84 86 479 359 76 62 401 400 80 89
frames/chick0141.jpg 3 489 351 62 71 392 402 75 82 455 485 87 63
frames/chick0142.jpg 3 487 344 71 66 395 402 66 103 447 477 95 69
frames/chick0143.jpg 3 490 346 77 73 363 416 83 81 427 478 93 64
frames/chick0144.jpg 3 494 340 74 76 331 418 93 75 430 472 88 68
frames/chick0145.jpg 3 499 339 60 60 336 402 76 84 420 470 99 75
frames/chick0146.jpg 3 493 338 66 70 335 379 65 86 396 457 94 80
frames/chick0147.jpg 3 490 335 64 59 369 355 87 83 374 446 107 82
frames/chick0148.jpg 3 495 318 59 78 428 325 65 80 368 431 92 89
frames/chick0149.jpg 1 380 404 67 104
frames/chick0150.jpg 1 408 373 65 88
frames/chick0151.jpg 1 504 303 68 68
frames/chick0152.jpg 1 512 301 62 73
frames/chick0153.jpg 1 506 293 76 84
frames/chick0154.jpg 1 546 302 56 92
frames/chick0155.jpg 1 533 364 70 75
frames/chick0156.jpg 1 501 374 85 84
frames/chick0157.jpg 1 465 398 75 104
frames/chick0158.jpg 3 450 400 85 104 474 336 56 53 480 256 75 78
frames/chick0159.jpg 3 486 258 82 84 473 339 61 59 457 414 69 104
frames/chick0160.jpg 3 454 423 70 101 468 336 68 61 491 252 74 82
frames/chick0161.jpg 1 412 448 99 81
frames/chick0162.jpg 1 408 439 95 92
frames/chick0163.jpg 1 408 436 79 74
frames/chick0164.jpg 1 443 430 82 87
frames/chick0165.jpg 1 445 414 87 106
frames/chick0166.jpg 3 450 310 82 70 473 419 101 87 219 126 59 50
frames/chick0167.jpg 4 453 313 70 71 320 158 66 64 506 416 74 89 528 264 84 73
frames/chick0168.jpg 4 547 271 77 59 421 198 69 58 457 328 70 83 556 366 62 73
frames/chick0169.jpg 4 546 336 70 68 473 329 78 78 563 257 73 60 508 208 67 55
frames/chick0170.jpg 1 489 324 89 85
frames/chick0171.jpg 1 545 334 111 76
frames/chick0172.jpg 2 550 301 97 54 587 345 102 61
frames/chick0173.jpg 2 593 337 98 56 556 274 65 61
frames/chick0174.jpg 1 508 243 79 59
frames/chick0175.jpg 2 588 290 68 66 496 233 92 70
frames/chick0176.jpg 2 491 228 76 62 567 248 59 72
frames/chick0177.jpg 2 491 212 70 61 542 223 63 67
frames/chick0178.jpg 1 517 226 79 70
frames/chick0179.jpg 1 562 253 74 73
frames/chick0180.jpg 1 528 213 82 76
