./frames/20250626_124358.jpg 5 940 921 340 590 2440 1039 404 625 3142 899 464 455 1949 250 193 357 2441 318 193 294
./frames/20250626_124402.jpg 6 1377 328 306 400 1736 280 166 298 2753 780 424 384 2453 1001 529 557 1079 1259 503 679 3432 174 182 253
./frames/20250626_124405.jpg 4 818 285 439 416 1636 1245 584 735 2520 642 543 555 2403 413 387 313
./frames/20250626_124408.jpg 6 2094 706 420 508 856 678 568 487 2233 1407 850 682 1565 615 294 328 1031 85 134 101 522 130 210 228
./frames/20250626_124410.jpg 4 1293 673 492 450 2248 769 461 544 2453 1477 838 629 1223 85 140 104
./frames/20250626_124413.jpg 3 1802 980 297 501 2680 400 168 255 3502 274 183 185
./frames/20250626_124415.jpg 3 1663 1007 555 625 1672 135 161 291 1958 94 134 112
./frames/20250626_124419.jpg 2 1065 171 412 456 2162 1016 565 868
./frames/20250626_124422.jpg 5 828 473 345 338 985 58 181 217 2586 877 424 429 3065 524 395 451 1166 1597 649 505
./frames/20250626_124425.jpg 5 1585 893 211 359 2585 803 291 394 2797 444 162 202 1807 557 122 163 1638 783 152 122
./frames/20250626_124432.jpg 3 1550 1178 290 260 1999 948 271 389 3222 755 290 341
./frames/20250626_124435.jpg 1 1903 942 627 674
./frames/20250626_124438.jpg 1 1832 912 668 550
./frames/20250626_124440.jpg 2 1129 1068 644 645 2118 754 431 667
./frames/20250626_124442.jpg 1 1092 1121 844 717
./frames/20250626_124444.jpg 2 721 972 742 606 2762 782 446 794
./frames/20250626_124446.jpg 3 1425 1063 599 731 2513 478 728 850 2192 658 525 876
./frames/20250626_124448.jpg 5 925 878 771 573 853 132 581 690 1475 280 616 743 1339 1023 752 354 1339 1377 1035 720
./frames/20250626_124450.jpg 1 1379 842 799 967
./frames/20250626_124451.jpg 1 1372 1015 1101 1019
./frames/20250626_124455.jpg 1 1883 1193 605 541
./frames/20250626_124458.jpg 1 2279 1034 475 670
./frames/20250626_124500.jpg 1 1218 1053 1141 969
./frames/20250626_124503-sm.jpg 5 264 295 208 181 248 107 97 139 329 115 97 148 428 84 97 135 630 71 146 149
./frames/20250626_124503.jpg 5 1268 525 442 736 1665 628 436 658 2159 431 452 685 3189 354 579 685 1349 1464 1031 639
./frames/20250626_124505.jpg 3 1416 739 382 655 717 848 636 540 1986 472 542 500
./frames/20250626_124510.jpg 4 1707 865 327 537 2062 1085 458 423 2296 1455 528 636 1405 1564 583 538
./frames/20250626_124512.jpg 4 791 513 532 719 2285 786 595 861 1775 1355 834 747 409 186 735 537
./frames/20250626_124516.jpg 1 1626 907 562 665
./frames/20250626_124517.jpg 1 3050 640 715 703
./frames/20250626_124519.jpg 1 1685 1297 609 505
./frames/20250626_124521.jpg 1 1755 948 893 784
./frames/20250626_124522.jpg 5 884 1145 545 523 844 733 443 487 1602 930 480 661 2160 1233 645 785 1629 207 287 260
./frames/20250626_124525.jpg 4 1839 624 363 594 29 809 770 493 1441 1153 499 597 1945 1270 825 665
./frames/20250626_124527.jpg 4 1449 295 618 613 2536 1185 794 848 1742 1132 620 757 2363 501 473 661
./frames/20250626_124530.jpg 5 551 943 635 773 1815 489 526 652 1402 806 489 600 2438 713 545 591 3094 615 532 681
./frames/20250626_124532.jpg 5 1678 614 480 530 1076 776 532 437 778 907 484 674 2232 646 364 580 2844 690 503 652
./frames/20250626_124535.jpg 1 1649 1183 899 610
./frames/20250626_124537.jpg 3 2346 1174 677 695 881 1228 694 756 511 809 537 581
./frames/20250626_124538.jpg 5 1241 953 487 603 628 1163 542 615 7 1330 644 704 2155 1232 789 625 1515 1407 561 692
./frames/20250626_124539.jpg 5 999 631 455 448 1789 943 416 689 2270 1000 571 610 2751 992 624 594 577 1187 717 837
./frames/20250626_124540.jpg 3 1664 407 539 903 1903 1306 988 793 2353 4 568 602
./frames/20250626_124544.jpg 0
./frames/20250626_124545.jpg 0
./frames/20250626_124547.jpg 0
./frames/20250626_124548.jpg 0
./frames/20250626_124549.jpg 0
./frames/20250626_124551.jpg 0
./frames/20250626_124552.jpg 0
./frames/20250626_124555.jpg 0
./frames/20250626_124557.jpg 0
./frames/20250626_124558.jpg 0
./frames/20250626_124602.jpg 0
./frames/20250626_124604.jpg 0
./frames/20250626_124606.jpg 0
./frames/20250626_124608.jpg 1 172 640 343 377
./frames/20250626_124609.jpg 5 1106 695 355 372 751 908 406 442 338 597 383 245 800 193 216 159 65 1326 435 470
./frames/20250626_124611.jpg 5 1790 1022 422 484 1469 739 451 397 2396 341 378 316 2616 822 417 481 3056 728 541 458
