pos/20250626_124358.jpg 5 947 930 350 569 1960 262 167 339 2440 326 167 286 3143 910 441 474 2444 1054 399 593
pos/20250626_124402.jpg 6 1088 1280 411 651 2469 1015 396 555 2774 782 377 403 1389 333 281 384 1744 281 143 288 3435 173 160 236
pos/20250626_124405.jpg 5 819 300 397 372 956 115 166 273 2410 432 364 282 2535 648 505 526 1640 1269 545 674
pos/20250626_124408.jpg 6 870 670 515 455 1585 626 241 296 2290 1423 714 653 2109 739 394 443 531 139 202 211 1038 84 133 105
pos/20250626_124410.jpg 5 1312 693 478 422 2276 791 426 495 2490 1565 777 539 740 124 175 201 1237 84 118 107
pos/20250626_124413.jpg 4 1828 997 251 448 2690 406 150 237 3103 413 123 107 3517 287 170 162
pos/20250626_124415.jpg 3 1670 1025 520 552 1688 138 145 276 1962 98 122 110
pos/20250626_124419.jpg 2 1065 176 378 417 2266 1062 402 832
pos/20250626_124422.jpg 5 837 483 324 312 2609 893 380 411 3072 539 360 411 1187 1625 585 475 1003 68 154 195
pos/20250626_124425.jpg 6 1599 898 181 325 2597 807 259 366 2805 448 146 192 2131 480 153 151 1800 552 124 174 1648 779 117 114
pos/20250626_124432.jpg 4 1566 1204 279 241 2012 948 260 364 2465 784 183 268 3225 757 250 329
pos/20250626_124435.jpg 1 1958 972 515 581
pos/20250626_124438.jpg 1 1845 965 640 465
pos/20250626_124440.jpg 2 1155 1093 639 629 2197 747 265 658
pos/20250626_124442.jpg 2 1125 1112 776 698 2565 738 330 790
pos/20250626_124444.jpg 3 735 990 705 537 2783 804 384 723 1 737 426 703
pos/20250626_124446.jpg 3 1481 1100 474 665 2280 668 380 829 2550 504 697 785
pos/20250626_124448.jpg 4 906 124 462 687 1493 287 533 709 955 891 654 517 1361 1376 885 725
pos/20250626_124450.jpg 1 1401 848 644 963
pos/20250626_124451.jpg 1 1419 1066 1043 979
pos/20250626_124455.jpg 2 1891 1197 545 478 2626 746 262 667
pos/20250626_124458.jpg 1 2309 1033 415 687
pos/20250626_124500.jpg 1 1251 1054 1077 970
pos/20250626_124503.jpg 5 1258 513 421 716 1682 633 372 606 2173 442 387 688 3199 377 570 665 1372 1495 883 610
pos/20250626_124505.jpg 5 1998 481 468 452 1453 756 287 621 728 838 574 518 814 1501 776 602 2123 1503 720 600
pos/20250626_124510.jpg 4 1744 872 272 506 2074 1109 408 377 2300 1452 492 641 1424 1562 541 534
pos/20250626_124512.jpg 5 1353 907 498 885 801 510 508 730 420 190 666 541 2274 806 481 797 1780 1379 790 724
pos/20250626_124516.jpg 1 1644 915 538 635
pos/20250626_124517.jpg 1 3052 635 708 732
pos/20250626_124519.jpg 1 1711 1317 539 470
pos/20250626_124521.jpg 1 1789 967 859 757
pos/20250626_124522.jpg 6 888 1144 465 552 2190 1203 498 791 1636 908 320 646 1519 812 474 477 867 734 334 478 512 602 486 454
pos/20250626_124525.jpg 6 25 811 722 475 1465 1164 380 546 1864 619 271 581 1779 408 412 446 1934 1268 728 633 2447 1015 388 730
pos/20250626_124527.jpg 6 1451 287 584 626 2506 1189 707 800 2362 500 418 656 2603 284 460 598 1746 1135 566 731 1429 892 562 567
pos/20250626_124530.jpg 6 550 924 509 765 1208 558 376 542 1415 818 448 585 1826 491 484 662 2428 703 548 575 3093 581 440 722
pos/20250626_124532.jpg 7 835 842 322 725 1128 710 473 536 1696 616 400 508 2253 650 337 582 2366 501 417 466 2902 724 342 568 648 774 423 414
pos/20250626_124535.jpg 1 1639 1125 765 618
pos/20250626_124537.jpg 3 552 813 344 566 949 1226 380 738 2358 1171 561 661
pos/20250626_124538.jpg 5 1256 949 416 595 644 1143 488 602 2183 1222 704 585 1564 1397 408 703 9 1297 508 712
pos/20250626_124539.jpg 7 1026 635 395 438 1284 727 400 599 677 1228 433 815 1864 970 305 633 2298 993 478 585 2745 1020 630 585 3018 1502 457 600
pos/20250626_124540.jpg 5 1661 398 459 890 1898 1314 929 786 2961 254 521 743 3049 0 598 681 2315 0 535 602
pos/20250626_124609.jpg 5 1146 689 282 370 354 596 336 275 784 885 304 449 64 1299 389 508 812 190 182 187
pos/20250626_124611.jpg 5 1461 759 443 371 1809 1026 363 483 2398 354 360 297 2616 803 370 471 3052 758 524 400
